  MAXIMUM ITER EXCEEDED    3.0954881505881935        1.3443359325012119        85.812109697357670        9.8814179453522277E-002   13700.000000000000                         0                    0
 ITER>=LOOP:          12   716.75899315449465        13700.000000000000        13700.000000000000                8           6                       NaN           8                    0                    0                       NaN  -5.2951009175123964E-002       20000       20000
  MAXIMUM ITER EXCEEDED    3.5134740672187506        1.2749933850561070        83.234190021939270        1.1015486498509136E-002   13700.000000000000                         0                    0
 ITER>=LOOP:          12   520.78440077027108        13700.000000000000        13700.000000000000                8           6                       NaN           8                    0                    0                       NaN  -9.4129386740537946E-004       20000       20000
  MAXIMUM ITER EXCEEDED    3.2797607169192027        1.0599274695773417        79.212391491925388       0.20927423517357396        13700.000000000000                         0                    0
 ITER>=LOOP:          12   667.69717287132892        13700.000000000000        13700.000000000000                8           6                       NaN           8                    0                    0                       NaN  -2.4211913584208933E-003       20000       20000
  MAXIMUM ITER EXCEEDED    3.2201779699422319        1.3698670535459054        194.66052144835879       0.61910403583550455        13700.000000000000                         0                    0
 ITER>=LOOP:          12   619.94783534033411        13700.000000000000        13700.000000000000                8           6                       NaN           8                    0                    0                       NaN  -8.0681488346192598E-003       20000       20000
  MAXIMUM ITER EXCEEDED    3.8317222894805565        1.7166995354397023        93.712151826760220        3.4735349490149670E-002   13700.000000000000                         0                    0
 ITER>=LOOP:          12   326.18635316557720        13700.000000000000        13700.000000000000                8           6                       NaN           8                    0                    0                       NaN  -2.1687141548378808E-003       20000       20000
  MAXIMUM ITER EXCEEDED    2.9980616861426244        1.2697301986924228        89.643688378783963       0.24293166121638390        13700.000000000000                         0                    0
 ITER>=LOOP:          12   754.47642638760249        13700.000000000000        13700.000000000000                8           6                       NaN           8                    0                    0                       NaN  -3.7946879157362501E-002       20000       20000
  MAXIMUM ITER EXCEEDED    3.3865556597892033        1.4665331129862029        83.888458926773495        2.2391357911616738E-002   13700.000000000000                         0                    0
 ITER>=LOOP:          12   601.64146690888856        13700.000000000000        13700.000000000000                8           6                       NaN           8                    0                    0                       NaN  -2.7348202109988451E-002       20000       20000
  MAXIMUM ITER EXCEEDED    3.1280071148326916        1.2597366522232574        85.834169271497373        5.0096603106381298E-003   13700.000000000000                         0                    0
 ITER>=LOOP:          12   769.03335528945217        13700.000000000000        13700.000000000000                8           6                       NaN           8                    0                    0                       NaN  -1.3854805232499601E-002       20000       20000
  MAXIMUM ITER EXCEEDED    3.2922743326788422       0.97120117582040033        134.28834692018654       0.58758710174629802        13700.000000000000                         0                    0
 ITER>=LOOP:          12   684.11665879821442        13700.000000000000        13700.000000000000                8           6                       NaN           8                    0                    0                       NaN  -2.4439170591208370E-003       20000       20000
